0.000000000000000000e+00
0.000000000000000000e+00
1.000000000000000000e+00
0.000000000000000000e+00
0.000000000000000000e+00
1.000000000000000000e+00
1.000000000000000000e+00
1.000000000000000000e+00
0.000000000000000000e+00
0.000000000000000000e+00
1.000000000000000000e+00
0.000000000000000000e+00
1.000000000000000000e+00
0.000000000000000000e+00
1.000000000000000000e+00
0.000000000000000000e+00
0.000000000000000000e+00
1.000000000000000000e+00
0.000000000000000000e+00
0.000000000000000000e+00
0.000000000000000000e+00
0.000000000000000000e+00
0.000000000000000000e+00
0.000000000000000000e+00
0.000000000000000000e+00
1.000000000000000000e+00
1.000000000000000000e+00
0.000000000000000000e+00
1.000000000000000000e+00
1.000000000000000000e+00
1.000000000000000000e+00
0.000000000000000000e+00
0.000000000000000000e+00
0.000000000000000000e+00
1.000000000000000000e+00
0.000000000000000000e+00
0.000000000000000000e+00
0.000000000000000000e+00
0.000000000000000000e+00
0.000000000000000000e+00
1.000000000000000000e+00
1.000000000000000000e+00
0.000000000000000000e+00
0.000000000000000000e+00
1.000000000000000000e+00
0.000000000000000000e+00
1.000000000000000000e+00
1.000000000000000000e+00
1.000000000000000000e+00
0.000000000000000000e+00
0.000000000000000000e+00
1.000000000000000000e+00
0.000000000000000000e+00
0.000000000000000000e+00
0.000000000000000000e+00
0.000000000000000000e+00
0.000000000000000000e+00
1.000000000000000000e+00
1.000000000000000000e+00
1.000000000000000000e+00
0.000000000000000000e+00
1.000000000000000000e+00
0.000000000000000000e+00
0.000000000000000000e+00
0.000000000000000000e+00
0.000000000000000000e+00
1.000000000000000000e+00
1.000000000000000000e+00
1.000000000000000000e+00
0.000000000000000000e+00
0.000000000000000000e+00
0.000000000000000000e+00
0.000000000000000000e+00
0.000000000000000000e+00
0.000000000000000000e+00
1.000000000000000000e+00
1.000000000000000000e+00
1.000000000000000000e+00
0.000000000000000000e+00
1.000000000000000000e+00
0.000000000000000000e+00
0.000000000000000000e+00
0.000000000000000000e+00
1.000000000000000000e+00
0.000000000000000000e+00
0.000000000000000000e+00
1.000000000000000000e+00
2.100000000000000000e+01
2.360000000000000000e+02
7.900000000000000000e+01
2.400000000000000000e+02
1.580000000000000000e+02
3.400000000000000000e+01
1.600000000000000000e+02
1.800000000000000000e+01
3.100000000000000000e+01
3.000000000000000000e+01
1.310000000000000000e+02
1.880000000000000000e+02
9.200000000000000000e+01
1.810000000000000000e+02
0.000000000000000000e+00
7.800000000000000000e+01
1.980000000000000000e+02
1.130000000000000000e+02
1.410000000000000000e+02
2.360000000000000000e+02
1.330000000000000000e+02
9.400000000000000000e+01
1.120000000000000000e+02
8.600000000000000000e+01
1.150000000000000000e+02
2.700000000000000000e+01
1.410000000000000000e+02
2.100000000000000000e+01
2.420000000000000000e+02
1.840000000000000000e+02
1.690000000000000000e+02
2.340000000000000000e+02
1.550000000000000000e+02
1.680000000000000000e+02
2.000000000000000000e+00
2.320000000000000000e+02
2.300000000000000000e+01
5.900000000000000000e+01
1.480000000000000000e+02
1.100000000000000000e+02
0.000000000000000000e+00
